MAE: 0.04026608635369821
RMSE: 0.0486565401570704

MSE: 0.002367458900056605