MAE: 0.030909556394465583
RMSE: 0.044254989872045486

MSE: 0.0019585041285748485