MAE: 0.08149137959449655
RMSE: 0.099
MSE: 0.00986612245903632