MAE: 0.08080888403455254
RMSE: 0.096
MSE: 0.00931173741534384